-36
9
-8
10
0000000000000000000000000000000000000000000000
0000000000000000001111110000000000000000000000
0000000000000000001000010000000000000000000000
0000000000000000001000010000000000000000000000
0001111111111110001111011111110000000000000000
0001000000000010001000000000010000000000000000
1111000001111010001000011000010000000000000000
1001111011001011111000011000011111111111111110
1000000001001000000000011000000000000000010010
1001000001001000001111111011111111110000010010
1001000001001000001111111011111111110000010010
1000000001001000000000011000000000000000000010
1001111011111011111000011000011111111111111110
1111000001000001001000011000010000000000000000
0001000000000001001000000000010000000000000000
0001111111111111001111011111110000000000000000
0000000000000000001000010000000000000000000000
0000000000000000001000010000000000000000000000
0000000000000000001111110000000000000000000000
